  Some of the norms actually do look pretty similar to others; this is what we'd want b.c. this is generated from tests/test___norm_generation___in_mesh_py.py
  We definitely want to "fix" those zeros in the middle and understand the extra zero-rows we're seeing, though.


>>> import numpy as np
>>> plane_norms=np.load("norms_plane.npy")
>>> plane_norms
array([[ 0.        ,  0.        ,  0.        ],
       [ 0.        ,  0.        ,  0.        ],
       [ 0.        ,  0.        ,  0.        ],
       [ 0.        ,  0.        ,  0.        ],
       [ 0.        ,  0.        ,  0.        ],
       [ 0.        ,  0.        ,  0.        ],
       [-0.00212373,  0.97975698,  0.20017928],
       [-0.00241501,  0.97976492,  0.20013711],
       [-0.00257017,  0.97976912,  0.20011462],
       [-0.00290171,  0.97977802,  0.20006652],
       [ 0.12240951,  0.98667758,  0.10716003],
       [ 0.12198526,  0.98673247,  0.10713841],
       [-0.00226633,  0.97976088,  0.20015864],
       [-0.00212373,  0.97975698,  0.20017928],
       [-0.00241501,  0.97976492,  0.20013711],
       [-0.00257017,  0.97976912,  0.20011462],
       [-0.00290171,  0.97977802,  0.20006652],
       [-0.1336431 , -0.94002047,  0.31384876],
       [ 0.12178277,  0.9867586 ,  0.10712806],
       [-0.00257017,  0.97976912,  0.20011462],
       [-0.00273225,  0.97977348,  0.20009111],
       [-0.00273225,  0.97977348,  0.20009111],
       [-0.00290171,  0.97977802,  0.20006652],
       [-0.00345983,  0.97979277,  0.19998537],
       [-0.13361963, -0.94003401,  0.3138182 ],
       [-0.13510584, -0.93290612,  0.33381518],
       [-0.00387974,  0.97980369,  0.19992419],
       [-0.00366452,  0.97979811,  0.19995557],
       [-0.00345983,  0.97979277,  0.19998537],
       [-0.00366452,  0.97979811,  0.19995557],
       [-0.00610313,  0.97985879,  0.19959837],
       [-0.13352539, -0.94008748,  0.3136981 ],
       [-0.13806302, -0.93222079,  0.33451906],
       [ 0.        ,  0.        ,  0.        ],
       [ 0.        ,  0.        ,  0.        ],
       [-0.00771087,  0.97989582,  0.19936081],
       [-0.00926989,  0.97992946,  0.19912891],
       [-0.00926989,  0.97992946,  0.19912891],
       [-0.0112765 ,  0.97996948,  0.19882821],
       [-0.01630313,  0.98005345,  0.19806423],
       [-0.13321644, -0.9402542 ,  0.31332956],
       [-0.15472565, -0.92818304,  0.338432  ],
       [ 0.        ,  0.        ,  0.        ],
       [ 0.        ,  0.        ,  0.        ],
       [-0.01395561,  0.98001714,  0.19842291],
       [-0.01630313,  0.98005345,  0.19806423],
       [-0.02593614,  0.98014896,  0.19655874],
       [-0.0518052 ,  0.97997433,  0.19226683],
       [-0.10900014,  0.97730073,  0.1816652 ],
       [-0.13084175, -0.9412846 ,  0.3112294 ],
       [-0.27250311, -0.89088277,  0.3634143 ],
       [-0.02593614,  0.98014896,  0.19655874],
       [-0.02902784,  0.98016127,  0.19606443],
       [-0.0518052 ,  0.97997433,  0.19226683],
       [-0.16526291,  0.97149313,  0.16996842],
       [ 0.01646811, -0.85521638,  0.5180094 ],
       [-0.51230657, -0.49439643,  0.70222087],
       [ 0.90248981, -0.38103254, -0.20081421],
       [ 0.        ,  0.        ,  0.        ],
       [ 0.        ,  0.        ,  0.        ],
       [ 0.        ,  0.        ,  0.        ],
       [ 0.        ,  0.        ,  0.        ],
       [ 0.        ,  0.        ,  0.        ]])

